S(n) = 1.08^(n-1) * 1000.0 + sigma(1.08^(n-i) * 100.0)
S(1) = 1000.0
S(2) = 1180.0
S(3) = 1374.4
S(4) = 1584.3520000000003
S(5) = 1811.1001600000004
S(6) = 2055.988172800001
S(7) = 2320.467226624001
S(8) = 2606.1046047539207
S(9) = 2914.592973134235
S(10) = 3247.7604109849735
