S(n) = 1.01^(n-1) * 5000.0 + sigma(1.01^(n-i) * -80.0)
S(1) = 5000.0
S(2) = 4970.0
S(3) = 4939.7
S(4) = 4909.097000000001
S(5) = 4878.18797
S(6) = 4846.969849700001
S(7) = 4815.439548197001
S(8) = 4783.59394367897
S(9) = 4751.42988311576
S(10) = 4718.944181946917

